1139
1 0
2 0
3 0
4 0
5 0
6 0
7 0
8 0
9 0
10 0
11 0
12 0
13 0
14 0
15 0
16 0
17 0
18 0
19 0
20 0
21 0
22 0
23 0
24 0
25 0
26 0
27 0
28 0
29 0
30 0
31 0
32 0
33 0
34 0
35 0
36 0
37 0
38 0
39 0
40 0
41 0
42 0
43 0
44 0
45 0
46 0
47 0
48 0
49 0
50 0
51 0
52 0
53 0
54 0
55 0
56 0
57 0
58 0
59 0
60 0
61 0
62 0
63 0
64 0
65 0
66 0
67 0
68 0
69 0
70 0
71 0
72 0
73 0
74 0
75 0
76 0
77 0
78 0
79 0
80 0
81 0
82 0
83 0
84 0
85 0
86 0
87 0
88 0
89 0
90 0
91 0
92 0
93 0
94 0
95 0
96 0
97 0
98 0
99 0
100 0
101 0
102 0
103 0
104 0
105 0
106 0
107 0
108 0
109 0
110 0
111 0
112 0
113 0
114 0
115 0
116 0
117 0
118 0
119 0
120 0
121 0
122 0
123 0
124 0
125 0
126 0
127 0
128 0
129 0
130 0
131 0
132 0
133 0
134 0
135 0
136 0
137 0
138 0
139 0
140 0
141 0
142 0
143 0
144 0
145 0
146 0
147 0
148 0
149 0
150 0
151 0
152 0
153 0
154 0
155 0
156 0
157 0
158 0
159 0
160 1
161 0
162 0
163 0
164 0
165 0
166 0
167 0
168 0
169 0
170 0
171 0
172 0
173 0
174 0
175 0
176 0
177 0
178 0
179 0
180 0
181 0
182 0
183 0
184 0
185 0
186 0
187 0
188 0
189 0
190 0
191 0
192 0
193 0
194 0
195 0
196 0
197 0
198 0
199 0
200 0
201 0
202 0
203 0
204 0
205 0
206 0
207 0
208 0
209 0
210 0
211 0
212 0
213 0
214 0
215 0
216 0
217 0
218 1
219 0
220 0
221 0
222 0
223 0
224 0
225 0
226 0
227 0
228 0
229 0
230 0
231 0
232 0
233 1
234 0
235 0
236 0
237 0
238 0
239 0
240 0
241 0
242 0
243 0
244 0
245 0
246 0
247 0
248 0
249 0
250 0
251 0
252 0
253 0
254 0
255 0
256 0
257 0
258 0
259 0
260 0
261 0
262 0
263 0
264 0
265 0
266 0
267 0
268 0
269 0
270 1
271 0
272 0
273 0
274 0
275 0
276 0
277 0
278 0
279 0
280 0
281 0
282 0
283 0
284 0
285 0
286 0
287 0
288 0
289 0
290 1
291 0
292 0
293 0
294 0
295 0
296 0
297 0
298 0
299 1
300 0
301 0
302 0
303 0
304 0
305 0
306 0
307 0
308 0
309 0
310 0
311 0
312 0
313 0
314 0
315 0
316 1
317 0
318 0
319 0
320 0
321 0
322 0
323 0
324 0
325 0
326 0
327 0
328 0
329 0
330 0
331 1
332 0
333 0
334 0
335 0
336 0
337 0
338 1
339 0
340 0
341 0
342 0
343 0
344 0
345 1
346 0
347 0
348 0
349 0
350 0
351 0
352 0
353 0
354 0
355 0
356 0
357 0
358 1
359 0
360 0
361 0
362 0
363 0
364 1
365 0
366 0
367 0
368 0
369 0
370 0
371 0
372 0
373 0
374 0
375 1
376 0
377 0
378 0
379 0
380 0
381 1
382 0
383 0
384 0
385 0
386 1
387 0
388 0
389 0
390 0
391 1
392 0
393 0
394 0
395 0
396 1
397 0
398 0
399 0
400 0
401 1
402 0
403 0
404 0
405 0
406 1
407 0
408 0
409 0
410 0
411 0
412 0
413 0
414 0
415 1
416 0
417 0
418 0
419 0
420 0
421 0
422 0
423 0
424 1
425 0
426 0
427 0
428 1
429 0
430 0
431 0
432 1
433 0
434 0
435 0
436 1
437 0
438 0
439 0
440 1
441 0
442 0
443 0
444 0
445 0
446 0
447 1
448 0
449 0
450 0
451 1
452 0
453 0
454 0
455 0
456 0
457 0
458 1
459 0
460 0
461 0
462 0
463 0
464 0
465 1
466 0
467 0
468 1
469 0
470 0
471 0
472 0
473 0
474 0
475 1
476 0
477 0
478 1
479 0
480 0
481 1
482 0
483 0
484 1
485 0
486 0
487 1
488 0
489 0
490 1
491 0
492 0
493 1
494 0
495 0
496 1
497 0
498 0
499 1
500 0
501 0
502 1
503 0
504 0
505 1
506 0
507 0
508 0
509 0
510 1
511 0
512 0
513 1
514 0
515 0
516 0
517 0
518 1
519 0
520 0
521 1
522 0
523 1
524 0
525 0
526 1
527 0
528 1
529 0
530 0
531 1
532 0
533 1
534 0
535 0
536 1
537 0
538 1
539 0
540 0
541 0
542 0
543 1
544 0
545 1
546 0
547 1
548 0
549 0
550 1
551 0
552 1
553 0
554 1
555 0
556 1
557 0
558 0
559 0
560 0
561 1
562 0
563 1
564 0
565 1
566 0
567 1
568 0
569 1
570 0
571 1
572 0
573 1
574 0
575 1
576 0
577 1
578 0
579 1
580 0
581 1
582 0
583 1
584 0
585 1
586 0
587 1
588 0
589 1
590 0
591 1
592 0
593 1
594 0
595 0
596 1
597 0
598 1
599 0
600 1
601 0
602 1
603 0
604 0
605 1
606 0
607 1
608 0
609 1
610 0
611 0
612 1
613 0
614 1
615 0
616 1
617 1
618 0
619 1
620 0
621 1
622 1
623 0
624 1
625 0
626 0
627 1
628 0
629 1
630 1
631 0
632 1
633 0
634 0
635 1
636 0
637 1
638 1
639 0
640 1
641 1
642 0
643 1
644 1
645 0
646 1
647 1
648 0
649 1
650 1
651 0
652 1
653 1
654 0
655 0
656 1
657 1
658 0
659 1
660 1
661 0
662 1
663 1
664 1
665 0
666 1
667 1
668 0
669 0
670 1
671 1
672 0
673 0
674 1
675 1
676 0
677 0
678 1
679 1
680 0
681 0
682 1
683 1
684 1
685 0
686 1
687 1
688 1
689 1
690 0
691 1
692 1
693 1
694 1
695 0
696 1
697 1
698 1
699 1
700 1
701 1
702 1
703 1
704 1
705 1
706 1
707 1
708 1
709 1
710 0
711 0
712 1
713 1
714 1
715 1
716 1
717 1
718 1
719 0
720 0
721 1
722 1
723 1
724 1
725 1
726 1
727 1
728 1
729 1
730 1
731 1
732 0
733 0
734 0
735 1
736 1
737 1
738 1
739 1
740 1
741 1
742 1
743 1
744 1
745 1
746 1
747 1
748 1
749 1
750 1
751 1
752 1
753 1
754 1
755 1
756 1
757 1
758 1
759 1
760 1
761 0
762 0
763 1
764 1
765 1
766 1
767 1
768 1
769 1
770 1
771 1
772 2
773 1
774 1
775 1
776 1
777 1
778 1
779 1
780 1
781 1
782 1
783 1
784 1
785 1
786 1
787 1
788 1
789 2
790 1
791 1
792 1
793 1
794 1
795 1
796 1
797 1
798 1
799 1
800 1
801 1
802 1
803 1
804 1
805 1
806 1
807 1
808 1
809 1
810 2
811 1
812 1
813 1
814 2
815 1
816 1
817 1
818 1
819 1
820 1
821 2
822 1
823 1
824 1
825 1
826 1
827 1
828 2
829 1
830 1
831 2
832 1
833 1
834 2
835 1
836 1
837 2
838 1
839 1
840 1
841 1
842 2
843 1
844 1
845 2
846 1
847 1
848 1
849 1
850 2
851 1
852 2
853 1
854 1
855 1
856 1
857 2
858 1
859 2
860 1
861 2
862 1
863 1
864 1
865 1
866 1
867 1
868 1
869 1
870 1
871 1
872 1
873 2
874 1
875 2
876 1
877 2
878 1
879 2
880 1
881 1
882 2
883 1
884 2
885 1
886 2
887 1
888 1
889 2
890 1
891 2
892 2
893 1
894 2
895 1
896 1
897 2
898 1
899 2
900 2
901 1
902 2
903 2
904 1
905 2
906 2
907 1
908 2
909 2
910 2
911 1
912 2
913 2
914 1
915 1
916 2
917 2
918 1
919 1
920 2
921 2
922 2
923 1
924 2
925 2
926 2
927 2
928 2
929 2
930 1
931 1
932 2
933 2
934 2
935 2
936 2
937 2
938 2
939 2
940 2
941 2
942 2
943 2
944 2
945 2
946 1
947 1
948 1
949 2
950 2
951 2
952 2
953 2
954 2
955 2
956 2
957 2
958 2
959 2
960 2
961 2
962 2
963 2
964 2
965 2
966 2
967 2
968 2
969 2
970 2
971 1
972 1
973 2
974 2
975 2
976 2
977 2
978 2
979 2
980 2
981 2
982 2
983 2
984 2
985 2
986 2
987 2
988 2
989 2
990 2
991 2
992 2
993 2
994 2
995 2
996 2
997 2
998 2
999 2
1000 2
1001 2
1002 2
1003 2
1004 2
1005 2
1006 2
1007 2
1008 2
1009 2
1010 2
1011 2
1012 3
1013 2
1014 2
1015 3
1016 2
1017 2
1018 3
1019 2
1020 2
1021 2
1022 2
1023 2
1024 2
1025 2
1026 3
1027 2
1028 2
1029 2
1030 2
1031 3
1032 2
1033 3
1034 2
1035 3
1036 2
1037 2
1038 2
1039 2
1040 2
1041 2
1042 2
1043 2
1044 2
1045 3
1046 3
1047 3
1048 3
1049 2
1050 2
1051 3
1052 2
1053 3
1054 3
1055 2
1056 3
1057 2
1058 2
1059 3
1060 2
1061 2
1062 3
1063 2
1064 2
1065 3
1066 3
1067 2
1068 3
1069 3
1070 2
1071 2
1072 3
1073 3
1074 3
1075 3
1076 3
1077 2
1078 2
1079 3
1080 3
1081 4
1082 3
1083 4
1084 4
1085 3
1086 3
1087 3
1088 3
1089 3
1090 3
1091 3
1092 5
1093 4
1094 3
1095 3
1096 3
1097 3
1098 3
1099 3
1100 3
1101 3
1102 3
1103 3
1104 4
1105 3
1106 3
1107 4
1108 3
1109 3
1110 3
1111 3
1112 2
1113 3
1114 4
1115 2
1116 3
1117 3
1118 3
1119 3
1120 3
1121 3
1122 3
1123 3
1124 4
1125 3
1126 3
1127 4
1128 3
1129 4
1130 3
1131 3
1132 4
1133 3
1134 3
1135 4
1136 3
1137 4
1138 3
1139 4
